none: 13.123583793640137
default: 932.9285278320312
advanced: 63427.7890625
max: 276877.84375
